time,x,y,z,phi,theta,psi,x_velocity,y_velocity,z_velocity,phi_velocity,theta_velocity,psi_velocity,rotor_speed1,rotor_speed2,rotor_speed3,rotor_speed4
0.06,-1.8724938057917976e-08,-9.618100812844228e-08,10.004002885796728,6.282963740075294,2.2512674647146014e-05,0.0,-1.8392339090791016e-06,-1.3696172419904874e-05,0.13342250908388298,-0.012349793914245604,0.0011153337694784122,0.0,447.504675563204,447.59542900938317,447.7100878216599,446.7044007153916
0.12000000000000001,-7.061786989356847e-07,-7.209742711299667e-06,10.01226441801516,6.281755941285793,3.5134974760708815e-06,0.0,-2.3342381484237437e-05,-0.00030220009376748507,0.141960738216542,-0.044075563909243956,-0.0033467844373890536,0.0,407.5201854227395,407.1212162537048,407.84112575229705,404.99791569157316
0.18,-1.0862869563566388e-06,-7.845621109327075e-05,10.03076212964124,6.279022528918318,6.282679159930767,0.0,5.537373057902719e-05,-0.0024392239920169464,0.4745504629657671,-0.04869649270403436,-0.021551420977888314,0.0,505.6267311914839,504.3138515915684,505.97719347893866,505.64352663220666
0.23999999999999996,1.6993668835008676e-05,-0.0003193545498193636,10.061679321444014,6.276116792698609,6.281619263652663,0.0,0.0006630954051712839,-0.005879759504957387,0.5559843894103824,-0.04789930329198364,-0.010847290478575765,0.0,431.76266335083835,432.66470905556287,430.19619147812153,430.26215259965346
0.3,9.208693111890564e-05,-0.0008309636345424413,10.098264113552473,6.272996316048896,6.2808100061259395,0.0,0.0019145712532836706,-0.01148082528723414,0.6634492733393593,-0.061841622844954584,-0.019373995061585297,0.0,440.49933102878356,439.79386767043667,439.64876680335743,438.4903820079232
0.36000000000000004,0.0002711643180059667,-0.0017899412985236756,10.145242313022251,6.2689710499703395,6.279759752572659,0.0,0.004189580850515682,-0.020953902852738106,0.902326923421412,-0.08046353086983687,-0.014005107192897673,0.0,479.72028248194647,480.1278232783283,479.6700139317626,478.2508018907346
0.4200000000000001,0.0006056660056991596,-0.0033995724449612887,10.205041892815766,6.264023446717017,6.279235030886856,0.0,0.007036558127497311,-0.03326023922483612,1.0908220319571311,-0.08678322118629302,0.00011319489281539589,0.0,464.9110777938328,466.01593397490063,464.78552836429003,464.2848052775523
0.48000000000000015,0.0010873620860745133,-0.005700461014872261,10.267997502547104,6.258772051369954,6.279691843003805,0.0,0.009000566034191157,-0.043829316506168045,1.0077676686287376,-0.08904489825719726,0.019486740283107734,0.0,375.37620720844745,377.2512859163638,375.0950339408843,374.86744073197934
0.5400000000000001,0.0017049970333527236,-0.008931765610104779,10.33447678279382,6.253266873626766,6.280854688056165,0.0,0.01145035080486652,-0.06450903942813158,1.208001413969328,-0.09780424824907932,0.01916794163110888,0.0,468.0243205787017,467.99944892825874,469.8002340798125,469.1140146085947
0.6000000000000002,0.0024386280018194673,-0.013495701794849053,10.411668132579786,6.247745030638136,6.282573083386804,0.0,0.012840023524919331,-0.08824350252041474,1.364848647847331,-0.0824545855673714,0.042891496521135886,0.0,455.6538507799579,457.5464656354752,455.0870884123632,456.3069161587657
0.6600000000000003,0.003210687388207972,-0.01951589485463784,10.495847884114237,6.242799294449682,0.002738733914071645,0.0,0.012595510543870498,-0.11291350522134545,1.441030302493565,-0.08237772073769485,0.07379726156592271,0.0,429.8434116371343,432.4563514242995,431.44006423110835,431.4408072008802
0.7200000000000003,0.0038930200843221075,-0.027143234310799565,10.585279083750253,6.237884848785328,0.006880259002759459,0.0,0.009710340480618777,-0.14182791434390243,1.5398566476634488,-0.08098363151660304,0.05718877578237084,0.0,439.3926895274887,438.017371513693,438.8224541093292,438.93261871731767
0.7800000000000004,0.004310430058695731,-0.03666887007035239,10.681980334242796,6.23283591098658,0.010024044980670332,0.0,0.003845495171151402,-0.1762204735973224,1.6832870907009148,-0.091374877411809,0.040492892688911014,0.0,452.7377303684109,451.39420497813717,454.4525617785638,453.61326294627554
0.8400000000000004,0.004323438420066409,-0.04830517179167038,10.785993638332329,6.227500307435328,0.011867374794317875,0.0,-0.00365060108031835,-0.21220049897341212,1.7836363838141378,-0.08443501979816914,-0.010395686709747005,0.0,441.9612807070407,437.74750365199,440.10475082136236,440.672042364368
0.9000000000000005,0.0038612224085098077,-0.062206180053320174,10.89597036923631,6.2226311025231364,0.011659779063609932,0.0,-0.011715048640692649,-0.2516632377352703,1.8820640277964784,-0.07529086716149336,0.007687258176405491,0.0,438.9031097520943,440.401302637176,439.81099116969324,440.56221110469994
0.9600000000000005,0.0028949774352492676,-0.0786815239990778,11.013618538575612,6.218830819020807,0.012047293199032971,0.0,-0.020536971249775837,-0.29795132541748426,2.039239218296269,-0.0463983674802145,0.0038803226659736983,0.0,458.46131301920235,458.1586497562525,457.66237199825326,459.95301888202243
1.0200000000000005,0.0014190646397699515,-0.097866800938649,11.13843441235856,6.215669903960107,0.01211164902605777,0.0,-0.02867371423237254,-0.3418407079856621,2.1211152744727015,-0.06981072017693774,-0.005235858767087469,0.0,435.37325238955134,434.6098727272271,437.4105679731183,435.4544972922035
1.0800000000000005,-0.0005473039819458196,-0.11976825885986944,11.268354737697424,6.211300436200787,0.012253017797062782,0.0,-0.03686432568703123,-0.3886266296227494,2.209357386128535,-0.07965602143777599,0.014345657973272608,0.0,436.8038603652496,438.4337102020144,439.06967830287846,438.24791507387073
1.1400000000000006,-0.003016906368468856,-0.1445959194378293,11.403959589382909,6.207399519132782,0.013214820245432968,0.0,-0.045546715405834055,-0.4393833133962282,2.3105613365678224,-0.04547931130746799,0.019202103088123722,0.0,443.2753242424172,443.6741231741789,440.51322752938404,443.32661547081534
1.2000000000000006,-0.006047560322020954,-0.17264745459523548,11.546994834739149,6.2051663260617005,0.014917075802582502,0.0,-0.05563147991786237,-0.49591389168532424,2.4569417414048287,-0.024405425684165483,0.042271401171276785,0.0,456.4064038452104,458.24403257235775,456.2899446288168,457.9684647518068
1.2600000000000007,-0.009641481588911224,-0.20370428114750996,11.693298741529325,6.203549070823554,0.018058136365546318,0.0,-0.06440400224207365,-0.5394497557686491,2.419912066305206,-0.03261233280569597,0.06728862451278797,0.0,398.32429545652343,400.60756373152793,396.9873547725568,396.23331750291624
1.3200000000000007,-0.013937717845562263,-0.23790733512437234,11.843673888893674,6.2015160474902835,0.02280490525166723,0.0,-0.07930063109207171,-0.6008505781615839,2.592173857801397,-0.0365555315090187,0.09591908499517648,0.0,464.6453821641731,466.8888903812075,465.7273371241224,465.41841512423787
1.3800000000000008,-0.01917473585575014,-0.2756093037796547,12.001541290085973,6.199538692443635,0.028204855357349956,0.0,-0.09581814058038254,-0.6560765014185667,2.6698481110723313,-0.02658626937241609,0.07426020221292558,0.0,439.3433491514832,437.5506260382867,435.6767790346604,436.5090364070683
1.4400000000000008,-0.02550350426412908,-0.31665538900085033,12.163965215158306,6.197906337010533,0.032678950746169555,0.0,-0.11557513857635056,-0.712275530982217,2.744063943039851,-0.028474762722173665,0.0751770103630725,0.0,437.2632212083475,437.3440404502629,436.0711747734389,435.9132018742137
1.5000000000000009,-0.03320104029938677,-0.36134688052545955,12.333624709517057,6.19629724817781,0.03721951476451402,0.0,-0.14150295436745625,-0.77759657209825,2.910786330910381,-0.023695702287607423,0.07665539647936415,0.0,465.33321626733715,465.4531548373782,466.0510763685233,466.4243285019449
1.560000000000001,-0.042483764698675416,-0.4098250450759672,12.511343018896284,6.195121602575064,0.041608047930175474,0.0,-0.1683729788128722,-0.8384577496908632,3.0128417066168356,-0.012446119008676171,0.06498525340936673,0.0,447.22055204922265,446.2730693204892,446.69262132639676,447.60908924667984
1.620000000000001,-0.053403704659438715,-0.46184477252326034,12.693666060216744,6.194608802766044,0.046024511083536446,0.0,-0.19601814481232582,-0.8955883703128175,3.0644126700896117,-0.001708476115663226,0.08685783306230786,0.0,431.39272945088794,433.2399779600018,430.262610491431,431.17084773948204
1.680000000000001,-0.06617745622498207,-0.5175007856464858,12.881319379047198,6.194943691916315,0.051262913702414536,0.0,-0.23031143709473803,-0.9595751169902104,3.190303577856263,0.017186798860982934,0.08818908934048507,0.0,455.0905779355358,455.2032406133426,454.899763334269,456.41028722357555
1.740000000000001,-0.08112358748550223,-0.5769900510187977,13.076554078378296,6.196075675802604,0.056244367296607756,0.0,-0.26842229681531693,-1.0232645489410594,3.317114421914974,0.022029898403110492,0.06992134124050364,0.0,456.9848894131723,455.5316966984196,456.5544708884021,456.9406685576675
1.8000000000000012,-0.09840927247323868,-0.6402017296519983,13.278516805649124,6.197333656137445,0.060079155310528876,0.0,-0.3081636967595754,-1.0836479108583181,3.414651617560921,0.018749762777554597,0.0478405325218754,0.0,449.47789660240323,447.6876068064114,448.0930808660824,447.82632821937966
1.8600000000000012,-0.11811550816670496,-0.7069600043940293,13.48570055264644,6.1987648850449,0.06259234106593325,0.0,-0.3489664889917806,-1.1414950967402149,3.491211399875861,0.03248803127050262,0.02601110003862386,0.0,443.4495060764725,441.65352879088937,441.57601456751814,442.70799019326046
1.9200000000000013,-0.14033331653583006,-0.7771827766626797,13.697740316367724,6.201292336559916,0.06489726697626352,0.0,-0.3918116414094505,-1.19903084739972,3.5764999620722513,0.0565624151921336,0.05581654404095712,0.0,444.2483941609437,446.6864090456927,444.84605666886995,446.81405500916594
1.9800000000000013,-0.165080925619762,-0.8506899820173008,13.913475677309462,6.2047407982844796,0.06802516762389388,0.0,-0.43340425011771166,-1.2509017411890784,3.614547556600032,0.05923785510386753,0.04350105206280772,0.0,431.82297491962055,430.78460044956324,430.82960537555687,431.058156930513
2.0400000000000014,-0.19237804592749141,-0.9272446557004879,14.131452763808111,6.208750541361539,0.07056769663942841,0.0,-0.4767325963765477,-1.3005801010621534,3.6512345947609894,0.07881206894641832,0.04002427746065754,0.0,430.3272559038318,430.0338717014834,430.91108229309305,432.56608343802395
2.1000000000000014,-0.22260056067435646,-1.0069928421102385,14.355524382953897,6.213315759242409,0.07336724159328512,0.0,-0.5309414494565963,-1.3571560784799652,3.8172732690676354,0.0699918622837745,0.05740707434136711,0.0,471.10848705233747,472.45181943788134,471.46690317575235,470.78909153904135
2.1600000000000015,-0.25625029246183456,-1.0901383083636587,14.590995712319733,6.217720918357902,0.07677193354748724,0.0,-0.5910707400346471,-1.4138194887319844,4.031017151160362,0.07951497494356759,0.05538699015511891,0.0,486.8339838826655,486.684697162112,485.98371185544534,486.7006828793282
2.2200000000000015,-0.2933509890697696,-1.1763809972656325,14.836214659003273,6.222042768510038,0.08007962633043686,0.0,-0.64593497508264,-1.4604567793711052,4.1425357736124635,0.04963081745882716,0.05460577959787732,0.0,457.29784779901667,457.2375582140554,459.23561236119275,456.86244896192244
2.2800000000000016,-0.3336878909115097,-1.2652487925709979,15.08656723159094,6.2248536681876665,0.08358115823607282,0.0,-0.6989402431683217,-1.5015328358733773,4.2023012045124215,0.0406066600042992,0.06496740934364587,0.0,441.8451539778631,442.7010089520059,442.87797731387536,442.1363559680807
2.3400000000000016,-0.37716043311717,-1.3564536475233375,15.339134687655246,6.227010754443517,0.08741418628975595,0.0,-0.7504889352028357,-1.538439503152328,4.21652355678136,0.02447472854693115,0.061624525810932244,0.0,428.10365325406946,427.82223576352555,429.1969368051102,427.8260606675708
2.4000000000000017,-0.42444875168767665,-1.4502541693833428,15.599933969364361,6.2287300043648965,0.09074554569936932,0.0,-0.8261497560840846,-1.5880056111414094,4.4757262949493795,0.035920233566459715,0.039094681534784056,0.0,502.7265916165386,501.0929571888802,502.58827288391655,503.4173204527702
2.4600000000000017,-0.4758918254126459,-1.5467111838741623,15.871201439144118,6.231081531053746,0.09338398157303818,0.0,-0.8888434760689065,-1.627002981721669,4.56612344146346,0.04504108616302371,0.052280891245979996,0.0,453.8373700848759,454.89565475930624,455.16276093074003,455.8929174546101
2.520000000000002,-0.5315184222387301,-1.6456619754137325,16.151744947104596,6.233334168599848,0.09607826336264225,0.0,-0.9656530854398632,-1.6710272195906026,4.784373069191446,0.015066757858687385,0.023025324688889376,0.0,495.1027713061318,492.9462672974313,494.46206464157484,492.24916791385266
2.580000000000002,-0.5913684506122355,-1.7469837508065802,16.440782486530306,6.234165177933431,0.09792694398507162,0.0,-1.0294873649878666,-1.7062856759683618,4.849885146252016,0.011298703483034779,0.04304216462114027,0.0,449.2340288100469,450.8547070616823,450.1916280915759,449.8864803513015
2.640000000000002,-0.6550923532251778,-1.8504090254976011,16.73375803623137,6.235627915595707,0.10100147138144333,0.0,-1.0948986812433785,-1.7411169666524131,4.9156213559130215,0.04245048420573451,0.06398286689233411,0.0,450.9059564738843,452.59629490388767,448.6074012627224,451.13024999611577
2.700000000000002,-0.7223104990172267,-1.9556651203780326,17.02580998057516,6.238111215119201,0.10477562384218064,0.0,-1.146035150840703,-1.7672792795435983,4.819818655936224,0.03917522756236056,0.060650395591670105,0.0,398.02174116656295,397.7199527791557,398.14551471803946,397.8468171956351
2.760000000000002,-0.7930786740595749,-2.0626383385519462,17.316115016695456,6.240840127764491,0.10798626900517405,0.0,-1.2132193052783706,-1.7982735191816288,4.856801373901602,0.05579107900316603,0.0327524487250493,0.0,441.9625227463963,439.65859765850905,441.86893460704175,443.23796305544874
2.820000000000002,-0.8676666874586578,-2.1713192069192244,17.60617007528586,6.244244383064473,0.10949748112679636,0.0,-1.2732291618341072,-1.8241854644687685,4.81187431593465,0.05856568373526219,0.002360933381955225,0.0,417.5390208154265,414.8788579943501,414.00509093896784,414.2516426971017
2.880000000000002,-0.9463612362209917,-2.2816729388697,17.89792269559456,6.247584781345827,0.10924567198929314,0.0,-1.349891735769754,-1.8539326249360395,4.912769989468872,0.04915266745934594,-0.02243781947743659,0.0,462.4985166259069,460.5410080126362,462.1738467070845,461.4332085528524
2.940000000000002,-1.029679558591242,-2.3937599822456748,18.196012461359143,6.250355278166449,0.10789375243709198,0.0,-1.4272144355032539,-1.8820145093179501,5.023074704809664,0.03943450514849565,-0.022720987390012475,0.0,464.9859229483298,464.9637317831336,466.23178815835865,465.4729238961934
3.000000000000002,-1.1172539330658884,-2.5073733426627385,18.497397091781743,6.25278123411012,0.10612602750334066,0.0,-1.4918243969232667,-1.9049129452688909,5.023088697646107,0.04235708595798269,-0.048463285938611635,0.0,433.0537349546064,430.8821693734112,431.4608135984962,431.7084245227527
3.0600000000000023,-1.2088970683953364,-2.622385288772084,18.800888860406747,6.255206644221159,0.10278906087943707,0.0,-1.562645407672478,-1.9285917367577396,5.09302008612372,0.03624621896621526,-0.07643326815914256,0.0,454.87360644365674,452.6255637156032,454.45163640822454,453.9622835535982
3.1200000000000023,-1.3046595237000005,-2.7387590051389026,19.107955571524066,6.257080558502183,0.09825507749692708,0.0,-1.6290189416719634,-1.950355869940534,5.142363188695451,0.018614777492815683,-0.07388761857557813,0.0,447.7587668518619,447.96140436407427,449.0930854916726,447.66077461486657
3.1800000000000024,-1.4039753453886676,-2.856318126080575,19.41441165187652,6.257900910012371,0.09344586427886092,0.0,-1.6812255418307445,-1.9682323630829806,5.073198368062641,0.0012858915647002978,-0.0972071767139827,0.0,411.2291989176891,409.1518689360565,409.78126417109985,408.2375657713938
3.2400000000000024,-1.5067976147368929,-2.975064512330223,19.721528095224514,6.258395184721792,0.08749138582521532,0.0,-1.745595869935521,-1.9899556090772603,5.163660433275421,0.01940613739534,-0.10365234647253523,0.0,460.993568756169,460.4758075649401,459.46344628329,460.8979220551991
3.3000000000000025,-1.6133415000860056,-3.0950961583058496,20.03376948534014,6.259959904196332,0.08174664417418587,0.0,-1.8052916042388731,-2.0109739034871783,5.244085623676624,0.036878246705128646,-0.0833706587289455,0.0,457.8797627153026,459.482970700409,456.8142609903696,458.20570929694657
3.3600000000000025,-1.7235361221010386,-3.216406568618005,20.35296058752042,6.2623755058370705,0.07625367252385384,0.0,-1.8672866985991297,-2.0324609936496034,5.394979766329493,0.04628464170459053,-0.11772584226864398,0.0,481.39730700849856,478.7832431630966,479.21761644483206,479.93289111595277
3.4200000000000026,-1.8371320260977677,-3.338902062721819,20.678584344192778,6.265186452726255,0.0686200559510084,0.0,-1.918583028776464,-2.050472898485126,5.4589497882398605,0.047954467320406216,-0.16417375069584833,0.0,457.4269850893963,453.69634330964703,454.24318914330723,454.37835526168374
3.4800000000000026,-1.9535287273353583,-3.4623947047469965,21.006149250182833,6.267647174264898,0.058494191421123,0.0,-1.9605034911253456,-2.0657364403232705,5.460026990258973,0.02113979722051197,-0.18002444553735972,0.0,435.9498374834543,434.5948884606559,436.7568160772348,434.51506950755544
3.5400000000000027,-2.072448116856121,-3.5868173876155063,21.336919049875213,6.268685212213791,0.04749003753966452,0.0,-2.0023985073825665,-2.0815773821089905,5.565270747601147,0.008234955978862958,-0.19118539315256383,0.0,467.30587745515345,466.4039479298457,468.75249316014595,467.7483328052147
3.6000000000000028,-2.193572020355246,-3.7121460058880493,21.672015679646044,6.269444963045846,0.035702684994166844,0.0,-2.0340500949776303,-2.09599720920976,5.604574518869733,0.02030372531218669,-0.2098923103108548,0.0,449.4901581507227,447.93351096500413,446.9584766326714,447.94105984953154
3.660000000000003,-2.3163475618981773,-3.8383121056874856,22.008417314002106,6.270536226896599,0.022948314194767505,0.0,-2.057430159882621,-2.109455839675578,5.608960044775649,0.013579216504207747,-0.21854782314417154,0.0,437.3499425092551,436.5827474265094,437.4773845447238,436.91694279788226
3.720000000000003,-2.440331482620062,-3.965281104111674,22.34599636401477,6.272196989042424,0.010601728102825447,0.0,-2.0742679919762943,-2.1227380346036058,5.64366939183622,0.04672279378483251,-0.18803046773268353,0.0,445.0718953542715,447.52058915302695,445.1524233563469,447.85701333424714
3.780000000000003,-2.5651133993481596,-4.093013983639525,22.685647756521632,6.275080210772577,6.282467168087018,0.0,-2.0841472405821766,-2.1347852699482024,5.678036688488352,0.05059001313351318,-0.18996145276224224,0.0,446.62648609239324,446.4345072033988,445.9306607990161,446.24790272325686
3.840000000000003,-2.6902772034881437,-4.2214506369426426,23.031439942479167,6.277779765307246,6.271347585006405,0.0,-2.0867779398055206,-2.1461283955204653,5.847675273524294,0.030406970881890906,-0.17738694588050485,0.0,486.77874975047627,487.6888255555485,487.47234245227054,485.96250219926065
3.900000000000003,-2.8154139854077544,-4.350496145876521,23.383565430981545,6.279528659902294,6.261527553593069,0.0,-2.0835517070115164,-2.1552377159558165,5.8897558909485,0.02650428798487127,-0.14499913076834597,0.0,447.7901038550914,450.3913658449916,451.50238864086236,451.1875884748447
3.960000000000003,-2.9401591691840068,-4.4800617856161,23.739392153267758,6.282076968812152,6.253038433016169,0.0,-2.0738151289513778,-2.1634176945432344,5.970830177613047,0.06318719075598189,-0.135256359383235,0.0,461.66078050534975,462.41116134007103,461.3311051109648,464.2198545677357
4.020000000000002,-3.064350576888179,-4.6100618462191445,24.09402393835404,0.002953716601337142,6.244951511869903,0.0,-2.06534328625857,-2.169669864423784,5.8509748234582775,0.0754674707658893,-0.1338508439181677,0.0,397.48547823294496,397.59518761817026,396.8302407200788,397.96015806104424
4.080000000000001,-3.187679071117105,-4.740359891987725,24.447708684649424,0.007629675434615457,6.237519533061082,0.0,-2.0448757001310938,-2.1731662667594827,5.938192277090965,0.0824535185020774,-0.10904281434586353,0.0,462.19565977999656,464.13339875488896,463.33980989115304,463.89334870524
4.14,-3.309803892596998,-4.870807236826274,24.80309541841523,0.012223031146914032,6.231466238644725,0.0,-2.0254347027949016,-2.1747049794949445,5.90829137228864,0.060896528711117594,-0.0882078996498246,0.0,426.3555331795137,428.12277317344564,427.99085916308894,426.1565359525554
4.199999999999998,-3.4306039462845983,-5.00126343307845,25.157870908230485,0.015447677451642328,6.226199289621899,0.0,-2.000769512549659,-2.1735420379866657,5.917587252556261,0.03292690989753092,-0.08694551146503225,0.0,439.4977222067076,439.5958745716427,440.29227562734303,437.9735064110136
4.259999999999997,-3.549533188138405,-5.131518613911199,25.518340529059977,0.017961747739415834,6.221416405817779,0.0,-1.9630240377887753,-2.1680612837747604,6.0971990806928655,0.05557232676192851,-0.06819175412661894,0.0,489.93741065522835,491.32539444899317,490.04834631659935,491.7297459857184
4.319999999999996,-3.6663240313360967,-5.261453285227715,25.885872079660714,0.021447739134166532,6.217715859006365,0.0,-1.9296414198793308,-2.1627880958463948,6.153614232993668,0.06272640583616863,-0.05108714605997482,0.0,455.3842072625217,456.74791218389004,455.44405668551593,456.018232488103
4.379999999999995,-3.781072523038961,-5.391015843664719,26.256336058281754,0.025246776821512107,6.215558531447581,0.0,-1.8950685272517926,-2.1556306131218506,6.195014715024131,0.06447310278946305,-0.015973051626496267,0.0,450.268950875125,453.10048935195306,451.73344931817485,451.8771439434682
4.439999999999993,-3.8938667163337084,-5.520140637675872,26.626945835518903,0.02906858339869345,6.214139375258348,0.0,-1.8646066462722053,-2.1482227405150804,6.158870387150147,0.06209786132091082,-0.047064324439791916,0.0,429.73786057302215,427.09343965642245,426.29156687290856,426.09165363976774
4.499999999999992,-4.004439025861558,-5.648606187001381,27.0005566180402,0.03335889126725977,6.211321809778431,0.0,-1.820863515947253,-2.1335613628769767,6.294152936180369,0.08567793732761661,-0.04675051253844726,0.0,480.9109977192446,480.93363688576477,478.1735136206313,479.9701494139275
4.559999999999991,-4.11209560488619,-5.775989592442484,27.385417509633534,0.038184801629198795,6.209224689092091,0.0,-1.767465642130372,-2.1119986517786966,6.533294262754597,0.06705792934703896,-0.018167547663250704,0.0,509.48692703416276,511.5262650153936,511.7223444163509,510.3991381740755
4.6199999999999894,-4.216962703549951,-5.9022108057999665,27.778372838016868,0.041939205168057825,6.2078885839080105,0.0,-1.7279772217757694,-2.095030703347744,6.565069464791441,0.05162393866243102,-0.03208278979725522,0.0,453.3488456393081,452.2290825489587,453.06290162674304,451.82271525144796
4.679999999999988,-4.319011159293954,-6.027114815542576,28.178726120345452,0.04512295929743626,6.206240983219269,0.0,-1.6734912756283218,-2.068116272291539,6.778856057907261,0.055793900946950754,-0.019528979590942106,0.0,506.1342375532119,507.0369935618385,506.0791439762266,506.3807203858176
4.739999999999987,-4.4183500990488636,-6.150682589476562,28.58412975805242,0.048548188603598774,6.205144383905784,0.0,-1.6376650288744639,-2.0505263352645584,6.734869990173459,0.05955475570385295,-0.015882954847283866,0.0,431.12968710824606,431.43776200687233,431.09179110130003,431.4118824524488
4.799999999999986,-4.515155570589915,-6.272911822316499,28.991488696352604,0.052782704714428696,6.204140103816798,0.0,-1.5890992751033803,-2.023406289369426,6.843159280866443,0.08653913163643777,-0.018505315468091824,0.0,477.7241416937527,477.52420692436027,477.2572557969915,479.3160777882172
4.859999999999984,-4.6092203119629085,-6.393557194445774,29.402818242659247,0.05775912703369546,6.202547351843652,0.0,-1.5462564891520247,-1.9976582155963754,6.867713393013719,0.07455016516814639,-0.051937481384064114,0.0,454.36623893665956,451.6770362234031,455.046418929177,454.09084017286835
4.919999999999983,-4.7003554561415255,-6.512341690517517,29.819511716498365,0.06211859521538621,6.199307185037647,0.0,-1.4912820225593875,-1.9613929020352183,7.0211943404023485,0.06857802494389736,-0.05848945394271121,0.0,491.84689556111255,491.35966984985413,493.59935363494185,493.1618364478722
4.979999999999982,-4.78827056330306,-6.628970026934885,30.243580305677767,0.06622506739929701,6.196580707614196,0.0,-1.438936518149019,-1.9258353869553482,7.113890005100685,0.06816628669579441,-0.027404212123469517,0.0,474.99382295462,477.3709893501243,476.7852238927422,476.7569420298708
5.0399999999999805,-4.873362383773539,-6.743666121395002,30.668946490181938,0.07068486394359486,6.195441223210068,0.0,-1.3972902446555464,-1.8970006564149098,7.065283691960042,0.08444330904881436,-0.005988845491886971,0.0,432.792573110643,434.5917575121783,433.0157557088212,434.38761908259124
5.099999999999979,-4.955979996250442,-6.856594930383207,31.09086628561634,0.07577791671001322,6.194959157909437,0.0,-1.3565249109369641,-1.8668697423331841,6.999109376797022,0.085751186756043,-0.012476400178346541,0.0,428.044939628178,427.4924518818722,426.72878891681466,426.8466838748571
5.159999999999978,-5.03590201445196,-6.967431989112993,31.5114635651048,0.08081832863340477,6.1954799907008855,0.0,-1.3075194458341788,-1.8272437685865013,7.020669254189481,0.08027026442008206,0.03343204063230928,0.0,451.97626959940396,455.66210064685504,455.56740873747384,455.1344172134108
5.219999999999977,-5.112587776939447,-7.075515468240816,31.93681748414133,0.08533080946512772,6.197554010884824,0.0,-1.2489171882887862,-1.7750932217951543,7.156963573052619,0.0624412172160018,0.0367450085841953,0.0,488.400841362409,488.64830671891036,490.6777169192104,489.3558360150632
5.279999999999975,-5.1861888568192285,-7.180769771041198,32.365748871452475,0.08914425716604057,6.200302000787978,0.0,-1.2046137541460196,-1.7330394118997356,7.140814475900594,0.06570040806540972,0.059565229748792595,0.0,444.02208033472374,445.8919198672335,444.40655980713404,444.6766304633464
5.339999999999974,-5.257101176862428,-7.283352867354589,32.79458020696357,0.09289838881386814,6.2038631694773745,0.0,-1.159409237842055,-1.6860440336652576,7.153449684936475,0.05542987087843299,0.0589247411546477,0.0,452.77063716413136,452.7214920823933,455.0475473664982,454.22714308573256
5.399999999999973,-5.325276048787869,-7.382951630442242,33.225177058227196,0.09614095610861728,6.207331758917567,0.0,-1.113396586442637,-1.6336105977575461,7.199457865087241,0.0511145408917894,0.05548218651215529,0.0,464.2209268880849,463.95280209628805,464.53617191701403,464.19937335150433
5.4599999999999715,-5.391143069748445,-7.4798440628830125,33.65331704547017,0.09943414860689792,6.211779282178615,0.0,-1.0823490806678122,-1.5958219763535675,7.072591072901011,0.06152469847985548,0.09701936550958633,0.0,407.16447811552655,410.8691207567109,408.19653220535656,409.12702186238556
5.51999999999997,-5.455034073269449,-7.574174621635418,34.07625547652677,0.1027181331494127,6.217609929871408,0.0,-1.0477563081755281,-1.5481950941235618,7.025582624326772,0.03552176390870427,0.09749155223666865,0.0,433.559076759895,433.60709204278584,435.6961496069708,433.5180717671447
5.579999999999969,-5.516673516205759,-7.665175030709504,34.500402434540405,0.10541393437820101,6.223251344423321,0.0,-1.0074634406187373,-1.484929653659338,7.112076730594713,0.05910663739769879,0.0859910903633194,0.0,475.19242798463597,474.3166415620962,474.75632952873775,476.56385958277616
5.639999999999968,-5.576014286568836,-7.752340035736493,34.929487672764814,0.10915748154910876,6.228450980997987,0.0,-0.971068360033782,-1.4202352908316154,7.190239387079902,0.06826269541897319,0.08796625212890082,0.0,475.7641982582376,475.92109433287357,471.5028854374177,472.21242752394977
5.699999999999966,-5.633488741889696,-7.83598790140816,35.35920793516695,0.11289491063330193,6.234275451102587,0.0,-0.9451380933855084,-1.367652927969115,7.134054579479291,0.04635196114614039,0.1108974148408017,0.0,432.1206697689986,434.05801329913976,433.7998561077374,431.9583496104891
5.759999999999965,-5.689300885095588,-7.915953866344408,35.78963526294411,0.11536445713890764,6.240733203919291,0.0,-0.9159090131791108,-1.2976400543768023,7.2129755275908884,0.027956695104381667,0.10013343426610026,0.0,475.402417504646,474.5860513085957,474.86996253500456,473.4571894887784
5.819999999999964,-5.743795607862036,-7.992543742144158,36.2172263509171,0.11835386968142547,6.246804407933329,0.0,-0.9008859651213247,-1.2550471009224564,7.041034423788024,0.07505912746687257,0.10321264881974285,0.0,394.70543740176873,394.99985675692807,390.85403208414357,395.22244651418174
5.879999999999963,-5.797235460109152,-8.065772342128325,36.6408118831089,0.12312612656658306,6.253238961375558,0.0,-0.8810130049298275,-1.1854775649639429,7.078192211034342,0.08725097305777303,0.1142760706832768,0.0,461.21821450637026,462.10094049311033,460.0417374729282,461.0111060074829
5.939999999999961,-5.849556017867988,-8.134535549771272,37.06817172760326,0.12843691003933522,6.25995344693488,0.0,-0.863680368072925,-1.1061445532671985,7.166522039240482,0.09092316658491567,0.10669812048264138,0.0,477.5541808253149,476.98580778411736,476.871202082815,477.157614691363
5.99999999999996,-5.90103684113816,-8.19883047836863,37.49769406397388,0.13486037976446763,6.266331988591972,0.0,-0.8528693570854347,-1.0364725906872596,7.150905173420105,0.12790789161794447,0.10551994365276773,0.0,446.58688451130826,446.5005890378017,444.91183858114636,447.9397903668198
6.059999999999959,-5.952002605679207,-8.259065114175023,37.92451252746193,0.1421994709218053,6.272601830220982,0.0,-0.8464473531532816,-0.9706947216131131,7.076746208057884,0.10777387308305521,0.10237133963052382,0.0,427.48484119278476,427.226381490452,428.39035736585527,426.68836651417746
6.1199999999999575,-6.002648472198942,-8.31482091374927,38.349763051507225,0.148645226516682,6.278510829016749,0.0,-0.8422836695627148,-0.8872439118551801,7.098036460800573,0.10673157860321511,0.08928746921958833,0.0,458.3536200042526,457.3203109280914,456.8536987206084,456.78035680355873
6.179999999999956,-6.053157836971751,-8.365843319958044,38.773641659882834,0.15545063857981756,0.0007471144569564103,0.0,-0.8417686919232734,-0.8129051068086542,7.031546044567786,0.12424176125753268,0.09242136083845272,0.0,429.7551496097007,430.0279052227484,428.75869371578386,430.25591922329676
6.239999999999955,-6.103723327590468,-8.41200775297379,39.195302811189165,0.16301830147168506,0.006513853813441273,0.0,-0.8442285231623387,-0.7252333715797813,7.023741710988414,0.12965199201228936,0.10262198208873091,0.0,447.4894834996844,448.32702713791764,448.09004358050413,448.544065569072
6.299999999999954,-6.154563184414903,-8.452226646024743,39.61977112781593,0.17070504406320275,0.012917199023404713,0.0,-0.8510664234594026,-0.614686815826591,7.1244227229504675,0.12484382939850461,0.11386379055557892,0.0,480.95813548517214,481.8179693350842,481.90690625501986,481.556834115195
6.359999999999952,-6.2058266378418665,-8.487110064512787,40.04184584575254,0.17806900807100856,0.01932697799252825,0.0,-0.8581313025019432,-0.5474322556545475,6.9456724165460235,0.1181405877631741,0.08656785923795202,0.0,393.2379680215604,390.7117546293028,392.284702552672,391.6773862964966
6.419999999999951,-6.2576875730844606,-8.51698531354009,40.45801446114416,0.18490694308211175,0.024350003150347632,0.0,-0.8709995175096634,-0.44777538702634456,6.926549050644802,0.10394493922203865,0.0773044589489903,0.0,444.7081459868754,443.95422060503176,445.0956034929501,443.94348086880194
6.47999999999995,-6.310384672061306,-8.540908132545285,40.872222608275365,0.1909075457418581,0.029069943990252867,0.0,-0.8859534385351293,-0.3490815400347716,6.880476379554061,0.0906812155946362,0.08125637750418788,0.0,435.1713726216048,435.50721125669133,436.8491859078341,435.7502474188675
6.5399999999999485,-6.3640898769329,-8.55859596160898,41.28472414079302,0.1960405643794214,0.034055873323818986,0.0,-0.9046445175102799,-0.24002008809644995,6.869435439210979,0.07255996811444362,0.08654808656971572,0.0,447.776948746923,448.2128813809531,446.7688015850427,445.29436205936815
6.599999999999947,-6.418974961721271,-8.56981073195033,41.69571145585903,0.20079937257663616,0.03927994034660731,0.0,-0.9252906641527774,-0.13336294835596896,6.830161622819968,0.09021565461680583,0.0880867494231306,0.0,438.6193519371892,438.7535278366448,436.9319425551327,438.4068262005478
6.659999999999946,-6.475284033562941,-8.574048136625036,42.1067052875004,0.20583179171968258,0.04419280482585375,0.0,-0.9521488060993611,-0.007423526369771512,6.869157815698165,0.06652108799342343,0.06506103295144688,0.0,463.2506596838518,461.44107950269887,464.76383648279574,462.90780946666223
6.719999999999945,-6.533252567991358,-8.570818816429693,42.519116410176714,0.20986804451241703,0.04765760749889836,0.0,-0.9804664322260628,0.11542992600511039,6.877596883912471,0.06872909559274881,0.0361699135079003,0.0,456.35476988200924,454.04428210773585,453.7012036391278,453.8817698486611
6.779999999999943,-6.592896084533819,-8.560491930806197,42.93035090230493,0.21399331440363056,0.049761940107604374,0.0,-1.0078368702898965,0.22920644078800012,6.830276193702024,0.06880522868596119,0.03278162528140711,0.0,437.2440554003267,436.96215982743377,437.0991287564624,437.1091330136898
6.839999999999942,-6.654060325559804,-8.543928672041856,43.33567231406824,0.21861322213229872,0.05210355861412985,0.0,-1.0311582505071395,0.3233927041568552,6.681094818400754,0.08972853924034047,0.04925380338699363,0.0,401.4750827183251,402.9682157909363,400.87662252928556,402.7791717794991
6.899999999999941,-6.7170785053919815,-8.519906435198239,43.739804650706056,0.22370638598585568,0.055264661566376994,0.0,-1.0697319941150754,0.4777515173820274,6.789052906085676,0.07282826344594448,0.058787744315213164,0.0,483.66636175196095,484.3855656320032,485.2160749171864,483.9505481367969
6.95999999999994,-6.7823499272474015,-8.487035867211235,44.148095991848535,0.22784039049833638,0.05846210054789491,0.0,-1.1062836706108496,0.6182792232022725,6.8201843723680975,0.059587163386861625,0.03905716489753517,0.0,463.4376092027417,461.88546389584997,463.40366928388863,462.3647449943977
7.019999999999938,-6.849730627825622,-8.446195689950766,44.555896457378836,0.23106525644070253,0.060411242507385055,0.0,-1.139932242801624,0.743394486727015,6.773179138825954,0.03829702261012157,0.014194466683981593,0.0,440.11195443538656,438.04914028071533,439.22356951551444,437.45572051099714
7.079999999999937,-6.919075069073958,-8.398111974478695,44.95950694460046,0.23358534264985042,0.060905474289700834,0.0,-1.1716345974926183,0.8596945207660172,6.680811670143113,0.04853490481301034,-0.007656755048827621,0.0,424.19871562944826,422.3175448746541,423.16688527113183,424.0485374322252
7.139999999999936,-6.9904076240608415,-8.342700683287175,45.358838088046994,0.23623065079705086,0.05991823869805568,0.0,-1.206087813207282,0.9876296577230014,6.63028109631401,0.03325225691953225,-0.046840839530516876,0.0,438.32203737354365,435.05247259803485,437.6070132599668,436.33379027870865
7.1999999999999345,-7.063680236900521,-8.279986310977044,45.75338876779722,0.23784646642037366,0.05743977235996134,0.0,-1.236185348517601,1.103120098572465,6.521834716638941,0.009643687346434731,-0.03206403573414062,0.0,416.5048672063609,417.79449694262354,417.9448500255147,415.8817350162249
7.259999999999933,-7.138974199419409,-8.209299990996097,46.145621854031106,0.2378856749045184,0.055119302817139726,0.0,-1.2734130979554417,1.253066818458019,6.552227554650684,-0.031292743332862694,-0.05712462368705213,0.0,462.41099374223637,460.4313019722401,463.87360742960817,460.64701692555616
7.319999999999932,-7.216416801462287,-8.129789278431971,46.538984095433314,0.23594010179127434,0.0519137008144579,0.0,-1.3077137485263668,1.3970855606163084,6.559668008522951,-0.03479493028415518,-0.046903971987448036,0.0,454.7121941913057,455.52859203264615,455.64192085414595,455.36141326703836
7.379999999999931,-7.2958545881839045,-8.041713983992251,46.93261869723407,0.23353838549503347,0.048699690397568496,0.0,-1.3399558758740622,1.5385278068757087,6.561349113720865,-0.05336696262470446,-0.07223162381713615,0.0,454.6834812098163,452.6472662793433,454.77649296901876,453.2852261627757
7.439999999999929,-7.377184764135347,-7.945113611724871,47.32671826998303,0.2299301479117366,0.0442875761495376,0.0,-1.370661091518605,1.6811289292135074,6.575142815167993,-0.07925502034215949,-0.07627735723354487,0.0,458.34212087585286,458.01635820527844,458.70615539321875,456.64249935838046
7.499999999999928,-7.460151807763651,-7.840693667266741,47.71880751797346,0.22585553932203606,0.03959843993482437,0.0,-1.3945886700885635,1.7992754212212203,6.4949196404911484,-0.05160241289735701,-0.08219115342919019,0.0,428.1392605694858,427.6305256425991,426.06099865588726,428.41532651600505
7.559999999999927,-7.544569297822158,-7.72876339532476,48.10820416729118,0.22245051189029308,0.03507130494272115,0.0,-1.4189365372324945,1.9314212383444695,6.484970117866458,-0.06980154376187363,-0.06456911275529492,0.0,448.7497223637609,450.1737168675355,450.8181980837221,449.34262487302385
7.6199999999999255,-7.630389389761174,-7.608879733492381,48.49742853965133,0.2181212197922875,0.03084035403861396,0.0,-1.4413901515206375,2.0642635664364395,6.489121761399725,-0.07733123453819706,-0.0863575608730692,0.0,455.690875303334,453.94149675746974,453.9622807802438,453.35360232705096
7.679999999999924,-7.717642089279077,-7.479943351865824,48.89220946720185,0.21300983249143446,0.025301656809642026,0.0,-1.466405422543832,2.232769787877171,6.669192571893442,-0.10953421685204184,-0.10817624556823278,0.0,508.4082695330508,506.83598799211137,507.54823691492584,505.225769162763
7.739999999999923,-7.806136410973102,-7.3421531344845645,49.292612860819915,0.2063409570065966,0.018728117446495496,0.0,-1.4828444641556513,2.3595731013463155,6.6776109336747576,-0.11458490808195196,-0.11247602269673164,0.0,458.77712788667736,458.4253096588191,457.3152156873389,456.902042724494
7.799999999999922,-7.895486543354862,-7.197072485817561,49.69265324397593,0.20022998749799648,0.012098585592762667,0.0,-1.4949527480197349,2.4758614629733273,6.6572741793960155,-0.08412654682777915,-0.10679670537993138,0.0,448.25827660946055,448.7089907239782,447.6389816902276,450.1019426502495
7.85999999999992,-7.985447761179125,-7.045268427294251,50.09079653684868,0.19487919026191847,0.005990556248907097,0.0,-1.5032723941836075,2.5838316789351445,6.614486609165471,-0.10191540335546251,-0.09332727393346672,0.0,440.4762822634314,441.5799189006697,441.7740062582733,440.29747737884895
7.919999999999919,-8.07580302932779,-6.887528720055809,50.48416516416502,0.1888425027927294,0.0003898014636396496,0.0,-1.5081999638983614,2.673787108204609,6.49857610432174,-0.0981253093966444,-0.0933831895720286,0.0,415.776810022305,415.76388632102555,415.7778821578303,416.1003979469336
7.979999999999918,-8.16637771464726,-6.724216351112041,50.87205462153766,0.18280853452593426,6.2782249603400935,0.0,-1.5105507518812498,2.7694866452622606,6.431559418468311,-0.10595438137264349,-0.08185411549416972,0.0,430.1855600349314,431.15399549736037,430.9626944980195,430.2911229634484
8.039999999999917,-8.257014201701939,-6.555241042334809,51.256130572684846,0.17653474590082663,6.273790090035439,0.0,-1.5103139558483298,2.8625011878057296,6.371426568869706,-0.10191865153037348,-0.061496649669604116,0.0,430.48667678241173,432.2016800716047,432.19098954465557,432.52121701543155
8.099999999999916,-8.347574160585589,-6.380839633843803,51.63640900450596,0.17066848215813923,6.270335934799519,0.0,-1.5080813270054025,2.9503884858518563,6.304999922935472,-0.0905574488765306,-0.050690595774026084,0.0,429.8894166146122,430.8018973056407,426.7256643505811,427.6859752825133
8.159999999999915,-8.437869176738129,-6.200259541665783,52.01864526901211,0.16511763063540563,6.267528973476406,0.0,-1.501458585709443,3.068132057378919,6.43554063691677,-0.09674359673760174,-0.03993345472275394,0.0,488.8583993632425,489.6583578095496,488.96030789994853,488.49274512970464
8.219999999999914,-8.527750352656104,-6.013171401217352,52.40622897792871,0.15955558806281278,6.265048885873199,0.0,-1.4943596765498877,3.167453247913208,6.483727487322016,-0.08564654854900672,-0.044295227796490866,0.0,466.63404536336594,466.2925259950781,464.5866251275644,465.4492123044014
8.279999999999912,-8.617221002996544,-5.820781723991391,52.79339400494208,0.15422873447099494,6.262484793123331,0.0,-1.4877888732120637,3.245084048913289,6.422226212726538,-0.09592520565210906,-0.03978459480961004,0.0,431.48456958623495,431.86423797837557,431.44077646783103,430.5649319636505
8.339999999999911,-8.706066154317925,-5.6224384965667635,53.185963767697146,0.1492863769569146,6.261190454702572,0.0,-1.4735379375572837,3.3653820614294583,6.662099784170746,-0.06385320798119898,0.0009924421152567742,0.0,519.3861143212474,522.238571869582,519.0608997660829,521.3023729080685
8.39999999999991,-8.794232088713375,-5.418356872465195,53.58397564192894,0.14531409765297543,6.261295750397718,0.0,-1.4653192349952942,3.43698050691553,6.6053513665421555,-0.07137675235946658,0.0032379979246106062,0.0,435.22457086477476,435.41249167709304,434.8878379073377,434.2536302899607
8.459999999999908,-8.881969606132387,-5.210485166454335,53.97570481015447,0.14112401412305253,6.261768109252941,0.0,-1.459259405419527,3.491831419702435,6.453255804529551,-0.06691793237574745,0.0158224151461692,0.0,400.8130514986649,401.9553923429463,401.76642560602335,402.16633403680254
8.519999999999907,-8.969261570952595,-4.998817266428744,54.362424853362015,0.13676693413403473,6.262771005576546,0.0,-1.450544303994512,3.5633207680833583,6.437558419765621,-0.08756180766677911,0.018442678620086698,0.0,445.7565411271018,445.9705843140561,445.53450319956875,443.8387340373026
8.579999999999906,-9.056025742456791,-4.782815460832723,54.74927890865959,0.13122687370574315,6.26473291782316,0.0,-1.4417320928109114,3.636126550148142,6.4575456420741935,-0.10416985470049152,0.05188604879131709,0.0,453.9078321973496,456.58482215707824,457.74686609278103,456.41589136734115
8.639999999999905,-9.14232202864321,-4.56273260085959,55.13612953199217,0.1244819740365477,6.267981560874366,0.0,-1.4350599104663027,3.6993269303727656,6.437698406846173,-0.13898338021319773,0.05831407112427515,0.0,443.06954605898784,443.599790692652,445.4236825889085,442.554588272016
8.699999999999903,-9.228300220534178,-4.339250044005953,55.51982667316007,0.11612169501794245,6.2710808771806,0.0,-1.4311056318786255,3.7494027750111663,6.3528611053677935,-0.14005595459610048,0.03300621468073251,0.0,422.94246516576493,420.75827578078776,421.9121005719637,421.8002983576013
8.759999999999902,-9.314103246344601,-4.113134347695553,55.89655873101834,0.10768858634871403,6.273062180159126,0.0,-1.4291038496250497,3.7872110524555143,6.205890751477103,-0.14156123790012595,0.033052695009781946,0.0,398.9950513988773,398.99985336253997,398.9606319486675,398.80228485340217
8.8199999999999,-9.399748484248512,-3.884213251776343,56.270818947322766,0.09975794074710809,6.275309038357712,0.0,-1.425935950815611,3.8425466768459695,6.269264791456191,-0.11803810952129885,0.045038505856804974,0.0,464.85324182577796,465.7923152379728,464.75590289669805,466.58078641324914
8.8799999999999,-9.485230589440228,-3.651916689060551,56.6512282791972,0.09328342102817633,6.27794378235442,0.0,-1.4237507822533,3.8997578252462826,6.410370770137697,-0.09292147946244722,0.041560026611567,0.0,489.2754595672459,489.0172535304592,487.7113131651396,489.57460025048334
8.939999999999898,-9.57066026228065,-3.4168015651869084,57.0351953155963,0.08770782457462722,6.280595928806413,0.0,-1.4241109203571631,3.936860511620005,6.388763050621514,-0.09293685812311432,0.04902180435583809,0.0,439.8749338185467,440.49370047406626,441.6524727544069,441.6438548470612
8.999999999999897,-9.656149228003683,-3.1792806806543896,57.421251193854246,0.08297628838842197,0.0006168448314074482,0.0,-1.4258219686309757,3.9798574056057987,6.4793280918488305,-0.05984345055224083,0.06105742679722959,0.0,475.1849094688285,476.1084982433492,473.0734869449277,475.6103924549295
9.059999999999896,-9.74180562792748,-2.9394126884170824,57.81123524410643,0.07939717478245978,0.0051760401184282046,0.0,-1.429769785340014,4.015311741433596,6.519943258748638,-0.05927166919206447,0.09578319537255117,0.0,460.426759242701,463.1705550193839,459.9337201339578,459.97664257706646
9.119999999999894,-9.827753932450891,-2.6979300246732367,58.19821890282494,0.0758027211063661,0.010947735055021113,0.0,-1.4355448240803435,4.033862751005441,6.3803650946237145,-0.061210082662597774,0.09700528419347611,0.0,402.91301322748,403.03245060108975,402.0847892489285,401.90613980920637
9.179999999999893,-9.914197226920566,-2.454940129159092,58.582915319042066,0.07201652120455826,0.017480246011211342,0.0,-1.4464788929843815,4.0653402664219245,6.442512208035693,-0.0671855262440131,0.12572510260728065,0.0,466.14861981726926,468.3974318952996,465.18414708712345,464.7131796492653
9.239999999999892,-10.001448698366385,-2.210064180377188,58.97253232541125,0.06952594260727896,0.025390676551558578,0.0,-1.4626634987835807,4.096772667701625,6.544110387457214,-0.013863562970241095,0.1418839104330133,0.0,477.5005870560763,478.7464218291243,476.9902487867795,481.04447683878027
9.29999999999989,-10.089702106465491,-1.96369677370663,59.363317473939354,0.06956609761536647,0.034717080083690455,0.0,-1.4798059351081263,4.11543347668549,6.482337500251917,0.020114743958896064,0.17395431194461453,0.0,427.41271131893495,430.16091252548455,428.18340685039266,431.0651505965411
9.35999999999989,-10.17915068411456,-1.71617395145148,59.75091317716103,0.07083431207911772,0.045231300847831335,0.0,-1.5026397928009376,4.1354136124998435,6.437630397699994,0.023106460727369223,0.17768290746016113,0.0,433.10822106472284,433.45219064264603,435.11208807806,435.36254856115653
9.419999999999888,-10.2703562595955,-1.4671060681006793,60.14043769187427,0.07286695789645936,0.056460615661886315,0.0,-1.5386212403006403,4.166954595621559,6.545674456100619,0.0495770291450832,0.20139127574095034,0.0,479.6580547043074,481.48614368704403,480.68834452415,482.6909114942887
9.479999999999887,-10.363655794858424,-1.2164767940824552,60.531326143768666,0.07558962617592968,0.06892398339990002,0.0,-1.5723133410836503,4.187580806031961,6.4840729201557945,0.03527855861310486,0.21805292984329347,0.0,429.8921226332558,431.34559026282,430.76885656529385,429.55894822951495
9.539999999999885,-10.459083914119864,-0.9646661899683732,60.91727357225188,0.07794846453082904,0.08156497229267679,0.0,-1.60956818424475,4.206280638682263,6.381219277427225,0.04635965097989775,0.1888912346818372,0.0,417.70994825873527,415.2044518069902,415.728840128496,416.6998071345231
9.599999999999884,-10.556926607801046,-0.7116985060956855,61.29707446098187,0.08090017152629247,0.09303060543772634,0.0,-1.6527026635701252,4.226198511083637,6.279165068503467,0.05433425451832201,0.19516449282055165,0.0,415.70668206810694,416.29440445895614,415.20528844687516,415.9062004326154
9.659999999999883,-10.657924026744263,-0.4571535316907793,61.67491937075771,0.08390144978534586,0.10469796288007505,0.0,-1.7149122502395489,4.258871288948658,6.315145730622358,0.03958625234986771,0.19300228789818272,0.0,460.1183499999722,459.98259447228605,459.9760336868728,458.8077816251379
9.719999999999882,-10.762410794029291,-0.20096151416979197,62.05062392599111,0.0861178232024793,0.11616562635435024,0.0,-1.7688475034964395,4.281034736189393,6.208698866846736,0.031038673818687076,0.18709405986284092,0.0,415.70819465334523,415.228359431335,414.13860985324595,413.3866162311819
9.77999999999988,-10.87080359098131,0.056951503164227785,62.42416022144447,0.08791780668433358,0.12802987022663803,0.0,-1.845267626472206,4.3161613657669555,6.242002948874047,0.027836753977766426,0.21328073760137245,0.0,458.4884658644144,460.60083377584095,459.15465535697314,458.90075348825917
9.839999999999879,-10.983633071634818,0.3167457221033578,62.79682361110109,0.09021373897749463,0.14048174191722662,0.0,-1.9167229796066392,4.343779269871703,6.180142203332585,0.05359154931063148,0.19243529559890638,0.0,429.9578364930643,428.2312829789306,429.7221288822298,431.90108590358165
9.899999999999878,-11.101872446051905,0.5788176742543066,63.172196893924735,0.09389058174783216,0.15190381499115535,0.0,-2.0256858924982866,4.392195850661855,6.330955921817981,0.07338760985057927,0.18588216951588807,0.0,494.90841109408376,494.4569549505402,495.53733840039445,496.99288968277006
9.959999999999877,-11.226224070168604,0.8434607968266191,63.55222234548079,0.09789918926175734,0.16301331714958867,0.0,-2.120305698939753,4.429560799342144,6.3360797651204654,0.04850269962634475,0.18367236673710266,0.0,455.32711015391726,455.18259997499104,454.50443710777216,452.5081749704018
10.019999999999875,-11.355668801721846,1.1099434848740335,63.92784122068636,0.10070676183480742,0.1737785674516319,0.0,-2.195347318523922,4.453405979296796,6.185088754514772,0.04313422952375288,0.169182758451663,0.0,403.33079193164065,402.0542043604707,404.0882190614479,403.60537346261646
